 7.40613 0.656764
 8.68109  5.75599
-2.22218 -0.601304
 8.78726  5.39433
 4.85303  3.31349
-2.63443 -0.297644
-0.101025 0.798041
 3.65634  2.91051
  9.4051  5.98547
 9.50844  9.26597
-1.79342 0.0981708
  9.5883 -1.05029
 9.40034  5.28588
 2.79526  4.13754
 7.20393  3.73924
-2.01359 0.614367
 1.90466  1.95367
  8.8203  7.48599
  7.0909 -0.732488
 9.43289  5.71104
 5.18037   2.3567
-3.50004  16.4641
 7.88781  5.33728
 9.07591  7.37349
 5.50229  2.92172
 6.60836  4.23215
 6.40385  4.18777
 1.49118  2.67329
 5.17669  3.57333
-1.60339 0.439996
 5.88465 -2.10431
-3.55434 -0.808184
-0.123078 0.547417
 -3.3536 -3.42242
-2.64016 -0.228324
 7.52841   4.7799
  5.7276  3.86383
0.439393 -0.44085
 9.30311  6.65487
-3.51775 -0.728819
 2.14242  2.05249
 1.34182  1.67092
 6.71724  4.34603
  7.1328 0.813471
-1.38378 0.291793
  2.8567  2.02612
 2.23821  1.46187
 5.04838   2.4417
 5.93111  3.85923
 6.56561 -1.33936
-0.135649  1.55971
 5.51584  3.85638
 5.17137  3.58568
-1.72344 0.138253
-2.33403 -0.522954
  2.9771  3.22853
 9.43642  5.71655
  0.7654  1.12734
 4.19375  4.82445
-0.866633 0.558734
 6.51774  4.11581
-0.428668 0.767922
  3.0834  2.11495
 5.78707  2.90975
 8.47265  16.5186
 9.43008  8.89106
 3.66102  2.85087
-2.05926 -1.42031
-1.90988 -0.408728
-0.394884 0.798707
 7.77004  5.23201
-0.440049 -0.874328
 7.39999 -4.15303
-0.59065 -1.42538
 9.00969  5.53081
0.899773  1.49184
-1.24767 0.440671
-0.484826 0.756039
 4.62463  3.31665
 2.62604  2.23745
0.923233     1.91
  7.6316  3.04839
  4.1937   3.1628
 3.69613  2.42013
 8.84071  5.39407
0.00174626  1.11911
  6.6008  5.08574
 6.55221  3.29886
 1.32624  3.06558
  3.9495  3.17613
-2.93804 -0.469239
 -3.2447 -0.627557
 3.43117  2.70837
 6.90834  4.43468
 9.07615  5.53808
-2.18131 -0.0905621
 3.96353  3.37635
 2.57147  4.77801
-3.83337 -0.845431
0.719717   1.3534
 1.68106   6.1265
-0.270221  7.95094
-1.54491  11.6248
 2.57301  6.47851
  2.1316  8.27989
-0.148906  10.8259
0.357326  10.5004
0.109313  9.19953
 -2.5458  12.9952
-1.89128  11.9919
-0.703537  11.5296
-2.38658  12.9227
 1.91016  8.98773
-2.63665  12.5047
-2.41855  12.2713
-2.80504  13.8128
-2.40635  10.2827
-0.950109  10.4455
-1.82228  10.5517
 2.46366  7.15376
-0.988548  11.6372
-2.70629   13.532
 2.33417  6.65089
 2.85824  6.67069
-0.92791  11.0649
-3.22217  12.9303
-2.19355  12.4954
-1.13896  11.5389
0.164273  8.90577
-2.16452  11.9877
0.219902    7.648
 0.97851  10.1669
-2.44777  11.8187
-3.17808  11.9742
-1.92327  11.6693
-1.76855  10.3399
-1.03083    11.01
-0.444992  9.88433
-3.40139  15.5792
-2.16262  13.3011
  1.6071  5.89601
-3.79546  14.2368
 2.50198  6.09988
 1.11232  8.63263
-0.579737  10.7441
0.0496754  10.6981
-2.33901   12.066
-0.788058  12.3644
 2.74162  6.77744
-0.17236  10.4999
-0.352049  11.0168
-2.37884   12.464
-0.577716  11.4587
0.368421  9.95479
0.753949  8.46191
-1.23139  9.42602
-1.42794  13.2865
 2.91587   6.4796
-3.73583  13.8392
 2.19618  8.36699
 2.39301  7.72059
 1.57329  7.52199
-3.30901  12.8413
 -2.1669   12.042
 -1.6525  13.1315
0.758096  8.38109
-3.04413  13.8288
 1.04859  9.26003
-3.25267  13.0188
0.576301  8.36673
-0.540782  10.2566
 1.45336  8.45995
 1.00526  7.52535
 2.32604  7.86614
 2.23646  6.94125
-1.66086  11.5666
0.891221  9.44499
-2.61533  11.7107
-3.78621   13.498
 1.20852  9.14154
-0.499843  8.66398
-0.640545  11.6765
 2.33306  10.0914
0.269067  10.6903
0.323665  9.36056
  2.0161  8.41253
 1.63843  7.32559
0.0370506  11.8408
-2.71954  13.6602
-2.32048  13.1078
 2.20558  6.91854
-3.79928  14.1192
-0.57069  10.0124
-2.82451  12.5131
 2.85076  6.57923
0.988861  7.98541
-0.496699  9.58795
-0.702381  10.4925
-3.58267  11.8838
0.773803   9.8338
